#MIN=0	-3	-1000	0	
#MAX=320	3	1000	5	
#SCALE=100	1	500	1	
#DEC=1	3	0	3	
#DEF="Zeit" t / s	"Strom" I_A1 / A	"Magn. Flussdichte" B_B1 / mT	"Frequenz" f / Hz	
6.2	0	8	0	
6.3	0.0345	12.5	0	
6.4	0.0735	21.5	0	
6.5	0.111	33	0	
6.6	0.141	44	0	
6.7	0.1725	56	0	
6.8	0.177	61	0	
6.9	0.1815	63	0	
7	0.183	64	0	
7.1	0.183	64.5	0	
7.2	0.183	64.5	0	
7.3	0.1815	64.5	0	
7.4	0.186	65	0	
7.5	0.195	67.5	0	
7.6	0.204	71	0	
7.7	0.2085	73.5	0	
7.8	0.2295	80	0	
7.9	0.2295	82.5	0	
8	0.228	83	0	
8.1	0.2295	83.5	0	
8.2	0.228	83.5	0	
8.3	0.228	84	0	
8.4	0.2295	84	0	
8.5	0.231	84	0	
8.6	0.2355	85	0	
8.7	0.234	85.5	0	
8.8	0.24	87	0	
8.9	0.249	90	0	
9	0.252	93	0	
9.1	0.255	94	0	
9.2	0.264	97	0	
9.3	0.2835	102.5	0	
9.4	0.285	105	0	
9.5	0.285	106.5	0	
9.6	0.2835	107	0	
9.7	0.288	107	0	
9.8	0.2895	108.5	0	
9.9	0.2985	111.5	0	
10	0.306	114.5	0	
10.1	0.3135	117.5	0	
10.2	0.321	120.5	0	
10.3	0.3255	123.5	0	
10.4	0.327	125	0	
10.5	0.3285	126	0	
10.6	0.3315	127.5	0	
10.7	0.3375	128.5	0	
10.8	0.345	132	0	
10.9	0.348	133.5	0	
11	0.3525	135.5	0	
11.1	0.36	138	0	
11.2	0.3705	142	0	
11.3	0.3795	146	0	
11.4	0.387	149.5	0	
11.5	0.396	153	0	
11.6	0.3975	155	0	
11.7	0.4095	159	0	
11.8	0.4065	161	0	
11.9	0.4065	160.5	0	
12	0.4035	160.5	0	
12.1	0.4155	162.5	0	
12.2	0.456	175.5	0	
12.3	0.4785	186.5	0	
12.4	0.492	194.5	0	
12.5	0.4965	197.5	0	
12.6	0.501	199.5	0	
12.7	0.519	206.5	0	
12.8	0.528	211.5	0	
12.9	0.5325	214	0	
13	0.537	216.5	0	
13.1	0.543	219	0	
13.2	0.549	221.5	0	
13.3	0.552	223	0	
13.4	0.5535	224.5	0	
13.5	0.5565	225.5	0	
13.6	0.558	226	0	
13.7	0.5595	226	0	
13.8	0.5595	226.5	0	
13.9	0.5595	227	0	
14	0.5595	227	0	
14.1	0.5595	227	0	
14.2	0.561	227	0	
14.3	0.5595	227	0	
14.4	0.5595	227	0	
14.5	0.5595	227	0	
14.6	0.5625	227	0	
14.7	0.561	227	0	
14.8	0.5595	227.5	0	
14.9	0.561	227	0	
15	0.561	227	0	
15.1	0.5625	227.5	0	
15.2	0.5595	227.5	0	
15.3	0.5595	227.5	0	
15.4	0.5595	227.5	0	
15.5	0.561	227.5	0	
15.6	0.5595	227.5	0	
15.7	0.561	227.5	0	
15.8	0.5595	227	0	
15.9	0.561	227	0	
16	0.5595	227	0	
17	0.561	227.5	0	
17.1	0.5625	227.5	0	
17.2	0.564	228	0	
17.3	0.564	228	0	
18.4	0.564	228.5	0	
18.5	0.5625	228.5	0	
18.6	0.5655	229	0	
18.7	0.573	231.5	0	
18.801	0.579	234.5	0	
18.901	0.585	236.5	0	
19.001	0.5895	238.5	0	
19.101	0.597	241	0	
19.201	0.6	243	0	
19.301	0.6075	245	0	
19.401	0.612	247.5	0	
19.501	0.615	249.5	0	
19.601	0.6195	251	0	
19.701	0.6195	252	0	
19.801	0.6225	253	0	
19.901	0.6255	253.5	0	
20.001	0.627	254.5	0	
20.101	0.633	256	0	
20.201	0.6345	257.5	0	
20.301	0.6345	258.5	0	
20.401	0.639	259	0	
20.501	0.6405	260	0	
20.601	0.642	260.5	0	
20.701	0.642	261.5	0	
20.801	0.645	262	0	
20.901	0.6465	263	0	
21.001	0.6495	264	0	
21.101	0.6525	265.5	0	
21.201	0.654	266.5	0	
21.301	0.657	267	0	
21.401	0.66	268	0	
21.501	0.663	270	0	
21.601	0.669	271.5	0	
21.701	0.672	273	0	
21.801	0.6765	274	0	
21.901	0.678	275	0	
22.001	0.6795	276	0	
22.101	0.6795	277	0	
22.201	0.684	278	0	
22.301	0.6915	280.5	0	
22.401	0.6945	282.5	0	
22.501	0.7005	284.5	0	
22.601	0.702	286	0	
22.701	0.7065	287	0	
22.801	0.711	289	0	
22.901	0.717	291	0	
23.001	0.7215	292.5	0	
23.101	0.7245	294.5	0	
23.201	0.729	296	0	
23.301	0.7335	297	0	
23.401	0.732	298	0	
23.501	0.738	299.5	0	
23.601	0.7455	302	0	
23.701	0.7515	304.5	0	
23.801	0.7575	307	0	
23.901	0.7605	308.5	0	
24.001	0.765	310	0	
24.101	0.7695	311.5	0	
24.201	0.774	314	0	
24.301	0.7815	316	0	
24.401	0.783	318	0	
24.501	0.7875	319	0	
24.601	0.7905	320.5	0	
24.701	0.795	322	0	
24.801	0.801	324	0	
24.901	0.804	325.5	0	
25.001	0.807	327	0	
25.101	0.81	328.5	0	
25.201	0.816	329.5	0	
25.301	0.8175	330.5	0	
25.401	0.813	330.5	0	
25.501	0.813	330.5	0	
25.601	0.813	330.5	0	
25.701	0.8175	331	0	
25.801	0.8235	333	0	
25.901	0.8325	335.5	0	
26.001	0.8385	337.5	0	
26.101	0.8415	340	0	
26.201	0.8505	342.5	0	
26.301	0.861	346.5	0	
26.401	0.8745	350.5	0	
26.501	0.8805	354	0	
26.601	0.8865	356.5	0	
26.701	0.8925	359.5	0	
26.801	0.9015	362	0	
26.901	0.912	365	0	
27.001	0.9165	368	0	
27.101	0.924	370	0	
27.201	0.927	372	0	
27.301	0.9315	373.5	0	
27.401	0.9375	375.5	0	
27.501	0.9435	377.5	0	
27.601	0.948	379	0	
27.701	0.9495	380.5	0	
27.801	0.9525	381	0	
27.901	0.9555	382.5	0	
28.001	0.9585	383	0	
28.101	0.9615	384.5	0	
28.201	0.9645	385.5	0	
28.301	0.966	386.5	0	
28.401	0.9705	387.5	0	
28.501	0.9705	388	0	
28.601	0.9735	388.5	0	
28.701	0.975	389.5	0	
28.801	0.978	390.5	0	
28.901	0.984	392	0	
29.001	0.987	393.5	0	
29.101	0.996	396	0	
29.201	1.0005	398	0	
29.301	1.0065	400	0	
29.401	1.011	401.5	0	
29.501	1.017	403	0	
29.601	1.02	404.5	0	
29.701	1.02	405.5	0	
29.801	1.0215	406.5	0	
29.901	1.0245	407	0	
30.001	1.029	408	0	
30.101	1.032	409.5	0	
30.201	1.0365	410.5	0	
30.301	1.038	412	0	
30.401	1.0395	412.5	0	
30.501	1.0425	413.5	0	
30.601	1.047	414.5	0	
30.701	1.0515	416	0	
30.801	1.0575	418	0	
30.901	1.062	420	0	
31.001	1.0695	422	0	
31.101	1.0755	424	0	
31.201	1.08	425.5	0	
31.301	1.083	427.5	0	
31.401	1.0845	428.5	0	
31.501	1.089	429	0	
31.601	1.089	429.5	0	
31.701	1.089	430	0	
31.801	1.0905	430	0	
31.901	1.092	430.5	0	
32.001	1.0995	432.5	0	
32.101	1.116	437.5	0	
32.201	1.1385	443.5	0	
32.301	1.152	449	0	
32.401	1.1655	453.5	0	
32.501	1.179	457.5	0	
32.601	1.191	462	0	
32.701	1.1985	465.5	0	
32.801	1.2075	468	0	
32.901	1.2225	472.5	0	
33.001	1.233	476.5	0	
33.101	1.2405	479	0	
33.201	1.245	480.5	0	
33.301	1.245	482	0	
33.401	1.2435	481.5	0	
33.501	1.242	481.5	0	
33.601	1.242	482	0	
33.701	1.245	481.5	0	
33.801	1.2495	482.5	0	
33.901	1.2585	485	0	
34.001	1.269	488	0	
34.101	1.278	491.5	0	
34.201	1.284	493.5	0	
34.301	1.29	495.5	0	
34.401	1.2975	498	0	
34.501	1.3095	500.5	0	
34.601	1.317	503.5	0	
34.701	1.32	505.5	0	
34.801	1.3305	507.5	0	
34.901	1.3425	511	0	
35.001	1.35	514	0	
35.101	1.356	516.5	0	
35.201	1.359	518	0	
35.301	1.362	518.5	0	
35.401	1.362	519.5	0	
35.501	1.3635	520	0	
35.601	1.365	520	0	
35.701	1.365	520.5	0	
35.801	1.368	521	0	
35.901	1.3725	522	0	
36.001	1.3815	524	0	
36.101	1.389	526.5	0	
36.201	1.392	528	0	
36.301	1.398	529.5	0	
36.401	1.404	531.5	0	
36.501	1.413	533.5	0	
36.601	1.4145	535.5	0	
36.701	1.4205	536.5	0	
36.801	1.422	537.5	0	
36.901	1.4325	539.5	0	
37.001	1.4415	542.5	0	
37.101	1.446	544.5	0	
37.201	1.4535	546	0	
37.301	1.4595	547.5	0	
37.401	1.4655	550	0	
37.501	1.4715	552	0	
37.601	1.4775	554	0	
37.701	1.482	555.5	0	
37.801	1.494	558.5	0	
37.901	1.5015	561	0	
38.001	1.506	562.5	0	
38.101	1.5075	563	0	
38.201	1.5045	563.5	0	
38.301	1.4925	562.5	0	
38.401	1.491	562	0	
38.501	1.497	562.5	0	
38.601	1.509	563.5	0	
38.701	1.518	566	0	
38.801	1.5225	567.5	0	
38.901	1.527	569	0	
39.001	1.533	571	0	
39.101	1.5405	572.5	0	
39.201	1.5495	574.5	0	
39.301	1.5615	578	0	
39.401	1.5705	581	0	
39.501	1.5705	582	0	
39.601	1.575	582.5	0	
39.701	1.575	583.5	0	
39.801	1.5735	584	0	
39.901	1.5855	585.5	0	
40.001	1.6095	590.5	0	
40.101	1.6395	598	0	
40.201	1.662	605	0	
40.301	1.6785	610.5	0	
40.401	1.689	614.5	0	
40.501	1.7025	618.5	0	
40.601	1.713	621.5	0	
40.701	1.7205	624	0	
40.801	1.7235	625.5	0	
40.901	1.728	626.5	0	
41.001	1.74	629.5	0	
41.101	1.7505	632	0	
41.201	1.755	634	0	
41.301	1.7625	636	0	
41.401	1.7715	638.5	0	
41.501	1.779	640.5	0	
41.601	1.7865	642.5	0	
41.701	1.7925	645	0	
41.801	1.7985	646	0	
41.901	1.8015	647.5	0	
42.001	1.806	648.5	0	
42.101	1.806	649	0	
42.201	1.8105	650	0	
42.301	1.818	651.5	0	
42.401	1.8255	653	0	
42.501	1.8285	655	0	
42.601	1.8315	656.5	0	
42.701	1.836	657	0	
42.801	1.839	658	0	
42.901	1.8405	658.5	0	
43.001	1.842	659	0	
43.101	1.8465	660	0	
43.201	1.851	661	0	
43.301	1.857	662.5	0	
43.401	1.8585	663.5	0	
43.501	1.8615	664	0	
43.601	1.8675	665.5	0	
43.701	1.875	667.5	0	
43.801	1.8795	668.5	0	
43.901	1.8825	669.5	0	
44.001	1.884	670	0	
44.101	1.8855	670.5	0	
44.201	1.896	672.5	0	
44.301	1.9005	674	0	
44.401	1.902	675	0	
44.501	1.9035	675.5	0	
44.601	1.908	676.5	0	
44.701	1.914	677.5	0	
44.801	1.9185	679.5	0	
44.901	1.9245	681	0	
45.001	1.9275	682	0	
45.101	1.932	683	0	
45.201	1.9365	684	0	
45.301	1.9395	685	0	
45.401	1.9425	685.5	0	
45.501	1.9425	686.5	0	
45.601	1.9485	687.5	0	
45.701	1.953	688.5	0	
45.801	1.959	689.5	0	
45.901	1.962	690.5	0	
46.001	1.9665	692	0	
46.101	1.9695	693	0	
46.201	1.974	693.5	0	
46.301	1.974	694	0	
46.401	1.9755	695	0	
46.501	1.9785	695	0	
46.601	1.9785	695.5	0	
46.701	1.98	696	0	
46.801	1.983	696.5	0	
46.901	1.9905	697.5	0	
47.001	1.9965	699	0	
47.101	1.9995	701.5	0	
47.201	2.0055	702	0	
47.301	2.0085	703	0	
47.401	2.0115	703.5	0	
47.501	2.0145	705	0	
47.601	2.0235	706	0	
47.701	2.034	708.5	0	
47.801	2.043	710	0	
47.901	2.0475	712	0	
48.001	2.0535	713.5	0	
48.101	2.058	715	0	
48.201	2.0625	716	0	
48.301	2.0655	716.5	0	
48.401	2.064	717.5	0	
48.501	2.0625	717.5	0	
49.801	2.0655	717.5	0	
49.901	2.0685	718	0	
50.001	2.073	719	0	
50.101	2.082	721	0	
50.201	2.0925	723	0	
50.301	2.106	726	0	
50.401	2.1135	728.5	0	
50.501	2.1165	729.5	0	
50.601	2.1195	730.5	0	
50.701	2.1225	731.5	0	
50.801	2.1345	733.5	0	
50.901	2.145	736	0	
51.001	2.154	738	0	
51.101	2.166	740.5	0	
51.201	2.184	744.5	0	
51.301	2.1975	748	0	
51.401	2.202	750	0	
51.501	2.2035	751.5	0	
51.601	2.2065	751.5	0	
51.701	2.2065	752	0	
51.801	2.2095	753	0	
51.901	2.22	754.5	0	
52.001	2.238	757.5	0	
52.101	2.259	762	0	
52.201	2.28	767	0	
52.301	2.298	771	0	
52.401	2.31	774.5	0	
52.501	2.322	777.5	0	
52.601	2.3355	780	0	
52.701	2.343	782.5	0	
52.801	2.3475	783.5	0	
52.901	2.3505	784.5	0	
53.001	2.3505	785	0	
53.101	2.352	785.5	0	
53.201	2.3565	786	0	
53.301	2.37	788	0	
53.401	2.3895	792	0	
53.501	2.4	794.5	0	
53.601	2.4045	796.5	0	
53.701	2.4135	798	0	
53.801	2.4165	799	0	
53.901	2.424	800.5	0	
54.001	2.433	802	0	
54.101	2.436	803.5	0	
54.201	2.4405	804	0	
54.301	2.4435	805	0	
54.401	2.448	806	0	
54.501	2.454	807	0	
54.601	2.457	808	0	
54.701	2.46	808.5	0	
54.801	2.4615	809	0	
54.901	2.466	809.5	0	
55.001	2.4675	810.5	0	
55.101	2.4705	811	0	
55.201	2.475	811.5	0	
55.301	2.478	812.5	0	
55.401	2.478	813	0	
55.501	2.4825	814	0	
55.601	2.487	815	0	
55.701	2.4945	816	0	
55.801	2.502	817.5	0	
55.901	2.511	819	0	
56.001	2.52	820.5	0	
56.101	2.5335	823	0	
56.201	2.55	826.5	0	
56.301	2.5575	828.5	0	
56.401	2.5605	829	0	
56.501	2.5635	830	0	
56.601	2.5635	830	0	
56.701	2.5635	830	0	
56.801	2.565	830.5	0	
56.901	2.5665	830.5	0	
57.001	2.5755	832	0	
57.101	2.5935	834.5	0	
57.201	2.6115	837.5	0	
57.301	2.6265	841	0	
57.401	2.634	843	0	
57.501	2.637	844	0	
57.801	2.6385	844.5	0	
57.901	2.6415	845	0	
58.001	2.6505	846.5	0	
58.101	2.6625	848	0	
58.201	2.673	850	0	
58.301	2.676	851	0	
58.401	2.679	851.5	0	
58.501	2.6835	852.5	0	
58.601	2.6895	853.5	0	
58.701	2.7015	855.5	0	
58.801	2.7075	857	0	
58.901	2.712	858	0	
59.001	2.712	858.5	0	
59.101	2.715	858.5	0	
59.201	2.715	859	0	
59.301	2.715	859	0	
59.401	2.7165	859	0	
59.501	2.724	860	0	
59.601	2.745	862.5	0	
59.701	2.766	866.5	0	
59.801	2.7795	869	0	
59.901	2.7945	871	0	
60.001	2.802	873.5	0	
60.101	2.8065	874.5	0	
60.201	2.811	875.5	0	
60.301	2.8155	876	0	
60.401	2.8215	877	0	
60.501	2.826	878	0	
60.601	2.8275	878.5	0	
60.701	2.829	878.5	0	
60.801	2.826	879	0	
60.901	2.826	878.5	0	
61.001	2.8275	878.5	0	
61.101	2.8275	878.5	0	
61.201	2.838	879.5	0	
61.301	2.853	882	0	
61.401	2.8605	883	0	
61.501	2.865	884.5	0	
61.601	2.868	885	0	
61.701	2.8725	885.5	0	
61.801	2.877	886.5	0	
61.901	2.8815	887	0	
62.001	2.886	888	0	
62.101	2.892	888.5	0	
62.201	2.8935	889.5	0	
62.301	2.8965	890	0	
62.401	2.8995	890	0	
62.501	2.898	890.5	0	
62.601	2.8995	890.5	0	
62.701	2.8995	890.5	0	
62.801	2.901	890.5	0	
62.901	2.901	890.5	0	
63.001	2.9025	891	0	
63.101	2.9085	891	0	
63.201	2.9085	892	0	
63.301	2.91	892	0	
63.401	2.913	892.5	0	
63.501	2.919	893.5	0	
63.601	2.922	893.5	0	
63.701	2.9235	894	0	
63.801	2.9265	894.5	0	
63.901	2.934	895.5	0	
64.001	2.9415	896.5	0	
64.101	2.946	897.5	0	
64.201	2.9535	898.5	0	
64.301	2.964	900	0	
64.401	2.9745	901.5	0	
64.501	2.985	903	0	
64.601	2.988	904	0	
64.701	2.9925	904.5	0	
64.801	2.9955	905	0	
64.901	3	906	0	
65.001	3.0045	906	0	
65.101	3.0045	906.5	0	
65.201	3.006	906.5	0	
67.001	3.0045	906.5	0	
67.101	3	906.5	0	
67.201	3.0015	906.5	0	
67.301	3	907	0	
67.401	2.9925	906	0	
67.501	2.9895	905.5	0	
67.601	2.985	905.5	0	
67.701	2.985	905.5	0	
67.801	2.9835	905.5	0	
67.901	2.9835	905.5	0	
68.001	2.9835	905.5	0	
68.101	2.9835	905	0	
68.201	2.982	905	0	
68.301	2.9805	905	0	
68.401	2.982	905	0	
68.501	2.982	905	0	
68.601	2.979	905	0	
68.701	2.976	905	0	
68.801	2.973	904.5	0	
68.901	2.9715	904.5	0	
69.001	2.967	904	0	
69.101	2.9595	904	0	
69.201	2.955	903	0	
69.301	2.949	903	0	
69.401	2.946	902.5	0	
69.501	2.9415	902	0	
69.601	2.9415	902	0	
69.701	2.9385	901.5	0	
69.801	2.934	901.5	0	
69.901	2.928	901	0	
70.001	2.9265	901	0	
70.101	2.9235	900.5	0	
70.201	2.919	900.5	0	
70.301	2.91	900	0	
70.401	2.907	899.5	0	
70.501	2.9025	899	0	
70.601	2.901	899	0	
70.701	2.898	898.5	0	
70.801	2.892	898	0	
70.901	2.88	897	0	
71.001	2.8725	896.5	0	
71.101	2.871	896	0	
71.201	2.865	895.5	0	
71.301	2.859	895	0	
71.401	2.8515	895	0	
71.501	2.8485	894.5	0	
71.601	2.8455	894.5	0	
71.701	2.8425	893.5	0	
71.801	2.8395	893.5	0	
71.901	2.838	893	0	
72.001	2.835	893	0	
72.101	2.832	892.5	0	
72.201	2.829	892.5	0	
72.301	2.8185	891.5	0	
72.401	2.814	891	0	
72.501	2.8155	890.5	0	
72.601	2.8155	891	0	
72.701	2.8155	891	0	
72.801	2.814	891	0	
72.901	2.8125	890.5	0	
73.001	2.796	889.5	0	
73.101	2.7885	888.5	0	
73.201	2.778	887.5	0	
73.301	2.772	886.5	0	
73.401	2.7615	885.5	0	
73.501	2.748	884.5	0	
73.601	2.739	883	0	
73.701	2.7345	882.5	0	
73.801	2.73	882	0	
73.901	2.724	881.5	0	
74.001	2.712	880.5	0	
74.101	2.709	879.5	0	
74.201	2.7015	879	0	
74.301	2.6985	878.5	0	
74.401	2.6955	878.5	0	
74.501	2.6925	877.5	0	
74.601	2.6835	877	0	
74.701	2.673	876	0	
74.801	2.6685	875	0	
74.901	2.6655	874.5	0	
75.001	2.6625	874	0	
75.101	2.6595	874	0	
75.201	2.6535	873	0	
75.301	2.6415	872	0	
75.401	2.6295	870.5	0	
75.501	2.619	869	0	
75.601	2.6115	868	0	
75.701	2.61	867.5	0	
75.801	2.6085	867.5	0	
75.901	2.607	867	0	
76.001	2.604	867	0	
76.101	2.6025	866.5	0	
76.201	2.5935	865.5	0	
76.301	2.5875	865	0	
76.401	2.577	863.5	0	
76.501	2.5635	862	0	
76.601	2.5575	861	0	
76.701	2.5515	860	0	
76.801	2.544	859	0	
76.901	2.535	858	0	
77.001	2.5275	856.5	0	
77.101	2.5185	855.5	0	
77.201	2.511	854.5	0	
77.301	2.5065	854	0	
77.401	2.5035	853.5	0	
77.501	2.5005	852.5	0	
77.601	2.499	852.5	0	
77.701	2.4945	852	0	
77.801	2.4945	851.5	0	
77.901	2.493	851.5	0	
78.001	2.4945	851.5	0	
78.101	2.493	851.5	0	
78.201	2.4945	851.5	0	
78.301	2.478	850	0	
78.401	2.46	847.5	0	
78.501	2.445	845	0	
78.601	2.4345	843	0	
78.701	2.427	842	0	
78.801	2.421	840.5	0	
78.901	2.415	839.5	0	
79.001	2.412	838.5	0	
79.101	2.4015	837.5	0	
79.201	2.391	836	0	
79.301	2.3835	834.5	0	
79.401	2.379	833.5	0	
79.501	2.367	832.5	0	
79.601	2.358	830.5	0	
79.701	2.349	829	0	
79.801	2.3415	828	0	
79.901	2.3355	826.5	0	
80.001	2.328	825.5	0	
80.101	2.3205	824	0	
80.201	2.3145	823	0	
80.301	2.3085	822	0	
80.401	2.3025	821	0	
80.501	2.2995	820	0	
80.601	2.295	819	0	
80.701	2.289	818	0	
80.801	2.271	815.5	0	
80.901	2.259	813	0	
81.001	2.2485	810.5	0	
81.101	2.2395	809.5	0	
81.201	2.229	807.5	0	
81.301	2.217	805.5	0	
81.401	2.2035	803	0	
81.501	2.199	801	0	
81.601	2.1945	800.5	0	
81.701	2.193	799.5	0	
81.801	2.187	799.5	0	
81.901	2.172	797	0	
82.001	2.1645	794.5	0	
82.101	2.1615	793.5	0	
82.201	2.16	793	0	
82.301	2.1615	793	0	
82.401	2.1645	793	0	
82.501	2.1645	793.5	0	
82.601	2.1585	792.5	0	
82.701	2.1405	790.5	0	
82.801	2.1255	787.5	0	
82.901	2.1135	785	0	
83.001	2.097	781.5	0	
83.101	2.0805	778.5	0	
83.201	2.0715	775.5	0	
83.301	2.061	773	0	
83.401	2.0475	770.5	0	
83.501	2.0355	768.5	0	
83.601	2.028	766	0	
83.701	2.016	763.5	0	
83.801	2.0115	762.5	0	
83.901	2.01	761.5	0	
84.001	2.0055	760.5	0	
84.101	1.9965	759	0	
84.201	1.989	757	0	
84.301	1.9845	756	0	
84.401	1.983	755.5	0	
84.501	1.983	754.5	0	
84.601	1.9785	754	0	
84.701	1.9755	753.5	0	
84.801	1.9755	753	0	
84.901	1.9725	753	0	
85.001	1.974	752.5	0	
85.101	1.9725	752	0	
85.201	1.968	752	0	
85.301	1.965	751.5	0	
85.401	1.962	750.5	0	
85.501	1.959	750	0	
85.601	1.9575	749	0	
85.701	1.9545	748.5	0	
85.801	1.9515	748	0	
85.901	1.947	747.5	0	
86.001	1.95	747	0	
86.101	1.9455	746.5	0	
86.201	1.9425	746	0	
86.301	1.9395	745	0	
86.401	1.935	744	0	
86.501	1.935	743.5	0	
86.601	1.932	743	0	
86.701	1.923	741.5	0	
86.801	1.9185	740.5	0	
86.901	1.917	739.5	0	
87.001	1.9125	739	0	
87.101	1.911	738	0	
87.201	1.9035	737	0	
87.301	1.8975	736	0	
87.401	1.8975	735	0	
87.501	1.896	735	0	
87.601	1.893	734	0	
87.701	1.8735	730.5	0	
87.801	1.8675	728.5	0	
87.901	1.866	727.5	0	
88.001	1.8735	727.5	0	
88.101	1.872	728	0	
88.201	1.8735	728	0	
88.301	1.8735	728	0	
88.401	1.8735	728	0	
88.501	1.872	728	0	
88.601	1.872	728	0	
88.701	1.8735	728	0	
88.801	1.8675	727.5	0	
88.901	1.8675	727	0	
89.001	1.863	726.5	0	
89.101	1.86	726	0	
89.201	1.8525	724.5	0	
89.301	1.839	722	0	
89.401	1.8315	720	0	
89.501	1.83	718.5	0	
89.601	1.8225	717.5	0	
89.701	1.815	715.5	0	
89.801	1.8045	713.5	0	
89.901	1.7925	711	0	
90.001	1.788	709	0	
90.101	1.785	707.5	0	
90.201	1.7805	706.5	0	
90.301	1.779	705.5	0	
90.401	1.779	705.5	0	
90.501	1.7775	705	0	
90.601	1.773	704.5	0	
90.701	1.77	703.5	0	
90.801	1.7685	703	0	
90.901	1.7745	703.5	0	
91.001	1.7775	703.5	0	
91.101	1.7775	704	0	
91.201	1.7715	703.5	0	
91.301	1.761	702	0	
91.401	1.752	700	0	
91.501	1.737	696.5	0	
91.601	1.725	693	0	
91.701	1.713	690.5	0	
91.801	1.7025	687.5	0	
91.901	1.692	685	0	
92.001	1.6785	682	0	
92.101	1.671	679.5	0	
92.201	1.665	677.5	0	
92.301	1.6605	675.5	0	
92.401	1.656	675	0	
92.501	1.656	674	0	
92.601	1.6365	671	0	
92.701	1.6215	666.5	0	
92.801	1.6005	661.5	0	
92.901	1.581	656.5	0	
93.001	1.5675	652	0	
93.101	1.557	648.5	0	
93.201	1.551	646.5	0	
93.301	1.542	644	0	
93.401	1.5345	641.5	0	
93.501	1.5285	640	0	
93.601	1.5255	639	0	
93.701	1.518	637	0	
93.801	1.512	635.5	0	
93.901	1.5045	633	0	
94.001	1.5	632	0	
94.101	1.494	630.5	0	
94.201	1.488	628.5	0	
94.301	1.485	627.5	0	
94.401	1.4775	626	0	
94.501	1.473	624	0	
94.601	1.4685	623	0	
94.701	1.464	621.5	0	
94.801	1.4595	620	0	
94.901	1.4535	618.5	0	
95.001	1.449	617	0	
95.101	1.4445	615.5	0	
95.201	1.4415	614.5	0	
95.301	1.437	613.5	0	
95.401	1.4325	612.5	0	
95.501	1.425	610.5	0	
95.601	1.4205	609	0	
95.701	1.419	608	0	
95.801	1.4175	608	0	
95.901	1.416	607.5	0	
96.001	1.4145	607.5	0	
96.101	1.416	607	0	
96.201	1.416	607	0	
96.301	1.416	607	0	
96.401	1.4145	606.5	0	
96.501	1.4025	605	0	
96.601	1.392	602	0	
96.701	1.3845	599.5	0	
96.801	1.3755	597	0	
96.901	1.368	594.5	0	
97.001	1.3575	592	0	
97.101	1.3515	589.5	0	
97.201	1.347	588	0	
97.301	1.3425	587	0	
97.401	1.335	584.5	0	
97.501	1.3245	582	0	
97.601	1.317	579.5	0	
97.701	1.3125	577.5	0	
97.801	1.3095	576	0	
97.901	1.305	575	0	
98.001	1.3035	574	0	
98.101	1.302	573.5	0	
98.201	1.2975	572	0	
98.301	1.293	571.5	0	
98.401	1.2915	570.5	0	
98.501	1.29	570.5	0	
98.601	1.2915	570	0	
98.701	1.29	570	0	
98.801	1.29	570	0	
98.901	1.2885	569.5	0	
99.001	1.2885	569.5	0	
99.101	1.2885	569.5	0	
99.201	1.29	569.5	0	
99.301	1.2885	569.5	0	
99.401	1.29	569.5	0	
99.501	1.287	569.5	0	
99.601	1.2885	569.5	0	
99.701	1.287	569	0	
99.801	1.287	569	0	
99.901	1.2855	569	0	
100.001	1.284	568.5	0	
100.101	1.281	567.5	0	
100.201	1.2765	566.5	0	
100.301	1.266	564	0	
100.401	1.2525	560.5	0	
100.501	1.245	557.5	0	
100.601	1.2375	555.5	0	
100.701	1.233	554	0	
100.801	1.233	553	0	
100.901	1.2345	552.5	0	
101.001	1.23	552	0	
101.101	1.227	551.5	0	
101.201	1.224	550.5	0	
101.301	1.2225	550	0	
101.401	1.221	549.5	0	
101.501	1.215	548	0	
101.601	1.209	546.5	0	
101.701	1.209	545.5	0	
101.801	1.206	545	0	
101.901	1.206	544.5	0	
102.001	1.206	544.5	0	
102.101	1.2045	544	0	
102.201	1.2045	544	0	
102.301	1.2045	544	0	
102.401	1.2045	543.5	0	
102.501	1.2	543	0	
102.601	1.1985	542.5	0	
102.701	1.197	542	0	
102.801	1.1925	541	0	
102.901	1.1865	539	0	
103.001	1.173	536	0	
103.101	1.1655	533.5	0	
103.201	1.1625	532	0	
103.301	1.1625	531	0	
103.401	1.158	530	0	
103.501	1.155	529	0	
103.601	1.1565	528.5	0	
103.701	1.1535	528	0	
103.801	1.1505	527.5	0	
103.901	1.1445	526	0	
104.001	1.1385	524.5	0	
104.101	1.1295	522	0	
104.201	1.1235	520	0	
104.301	1.1205	518.5	0	
104.401	1.1175	517.5	0	
104.501	1.1175	516.5	0	
104.601	1.1145	516	0	
104.701	1.11	515	0	
104.801	1.1115	514.5	0	
104.901	1.11	514.5	0	
105.001	1.1085	514	0	
105.101	1.1085	514	0	
105.201	1.107	513.5	0	
105.301	1.107	513.5	0	
105.401	1.1055	513	0	
105.501	1.1025	512.5	0	
105.601	1.098	511	0	
105.701	1.0935	510	0	
105.801	1.092	509	0	
105.901	1.0905	509	0	
106.001	1.092	508.5	0	
106.101	1.092	508.5	0	
106.201	1.092	508.5	0	
106.301	1.0875	507.5	0	
106.401	1.0755	505	0	
106.501	1.0635	502	0	
106.601	1.05	497.5	0	
106.701	1.038	493.5	0	
106.801	1.0245	489.5	0	
106.901	1.0155	486	0	
107.001	1.0065	482.5	0	
107.101	0.999	480	0	
107.201	0.9915	477.5	0	
107.301	0.9795	474	0	
107.401	0.969	471	0	
107.501	0.9585	467.5	0	
107.601	0.9525	464.5	0	
107.701	0.9465	462.5	0	
107.801	0.939	460.5	0	
107.901	0.933	458	0	
108.001	0.924	455.5	0	
108.101	0.921	453.5	0	
108.201	0.9165	451.5	0	
108.301	0.9105	450	0	
108.401	0.9	447.5	0	
108.501	0.8895	444	0	
108.601	0.8835	441.5	0	
108.701	0.879	439.5	0	
108.801	0.876	438	0	
108.901	0.8745	437	0	
109.001	0.8715	436	0	
109.101	0.867	435	0	
109.201	0.8625	433	0	
109.301	0.855	430.5	0	
109.401	0.849	429	0	
109.501	0.843	426.5	0	
109.601	0.8355	424.5	0	
109.701	0.828	422	0	
109.801	0.825	420	0	
109.901	0.8175	418	0	
110.001	0.81	415.5	0	
110.101	0.801	412.5	0	
110.201	0.7935	410	0	
110.301	0.789	408	0	
110.401	0.7815	405	0	
110.501	0.768	401.5	0	
110.601	0.7605	398	0	
110.701	0.7545	396	0	
110.801	0.753	394.5	0	
110.901	0.75	394	0	
111.001	0.7485	393	0	
111.101	0.741	390.5	0	
111.201	0.7215	385	0	
111.301	0.696	377	0	
111.401	0.672	368.5	0	
111.501	0.6495	360.5	0	
111.601	0.627	351.5	0	
111.701	0.606	343	0	
111.801	0.5895	336	0	
111.901	0.5715	329	0	
112.001	0.5535	321.5	0	
112.101	0.5415	316	0	
112.201	0.5265	310.5	0	
112.301	0.516	306	0	
112.401	0.501	300	0	
112.501	0.4875	293	0	
112.601	0.471	286.5	0	
112.701	0.465	282.5	0	
112.801	0.4605	281	0	
112.901	0.462	280	0	
113.001	0.4545	278	0	
113.101	0.4365	271.5	0	
113.201	0.4155	264	0	
113.301	0.399	256.5	0	
113.401	0.381	248	0	
113.501	0.363	240	0	
113.601	0.345	231.5	0	
113.701	0.327	223.5	0	
113.801	0.3075	215	0	
113.901	0.291	207	0	
114.001	0.273	199.5	0	
114.101	0.261	192	0	
114.201	0.24	185	0	
114.301	0.2325	179	0	
114.401	0.2205	173.5	0	
114.501	0.2085	168.5	0	
114.601	0.1995	163.5	0	
114.701	0.195	161	0	
114.801	0.192	158.5	0	
114.901	0.189	157	0	
115.001	0.1845	155	0	
115.101	0.1785	152	0	
115.201	0.1635	147.5	0	
115.301	0.1425	139	0	
115.401	0.1215	128.5	0	
115.501	0.099	118	0	
115.601	0.075	108	0	
115.701	0.0495	97	0	
115.801	0.036	88.5	0	
115.901	0.024	83	0	
116.001	0.0165	79	0	
116.101	0.0135	75.5	0	
116.201	0.009	73.5	0	
116.301	0.006	71.5	0	
116.401	0.0045	70.5	0	
116.501	0.006	69.5	0	
116.601	0.0045	68.5	0	
116.701	0.003	68.5	0	
116.801	0.0015	68	0	
116.901	0.0015	67.5	0	
117.001	0.0015	67.5	0	
117.101	0	67	0	
117.201	0.0015	67	0	
117.301	0	67	0	
117.401	0.0015	67	0	
117.501	0.0015	66.5	0	
117.601	0.0015	66.5	0	
117.701	0	66.5	0	
119.901	0.0015	66	0	
120.001	0	66	0	
125.401	0	66	0	
125.501	-0.0015	66	0	
125.601	0.0015	66	0	
125.701	0	66	0	
130.401	0	66	0	
130.501	0	66	0	
130.601	-0.0105	64.5	0	
130.701	-0.0255	59.5	0	
130.801	-0.0375	54	0	
130.901	-0.0435	48.5	0	
131.001	-0.0075	52.5	0	
131.101	0	55	0	
131.201	0.0015	55	0	
131.301	-0.0015	55	0	
131.401	-0.009	54	0	
131.501	-0.048	48.5	0	
131.601	-0.078	37.5	0	
131.701	-0.111	23.5	0	
131.801	-0.1275	14	0	
131.901	-0.132	8.5	0	
132.001	-0.1335	7	0	
132.101	-0.1335	5.5	0	
132.201	-0.132	4.5	0	
132.301	-0.135	4	0	
132.401	-0.1395	3	0	
132.501	-0.159	-2.5	0	
132.601	-0.183	-11	0	
132.701	-0.201	-19.5	0	
132.801	-0.2145	-25.5	0	
132.901	-0.2205	-31.5	0	
133.001	-0.225	-34.5	0	
133.101	-0.2265	-36	0	
133.201	-0.228	-37.5	0	
133.301	-0.2325	-39	0	
133.401	-0.2295	-39.5	0	
133.501	-0.24	-41.5	0	
133.601	-0.246	-45	0	
133.701	-0.2505	-47.5	0	
133.801	-0.2655	-52.5	0	
133.901	-0.2805	-58	0	
134.001	-0.2835	-61	0	
134.101	-0.2865	-63	0	
134.201	-0.291	-65.5	0	
134.301	-0.303	-69	0	
134.401	-0.3165	-74.5	0	
134.501	-0.324	-78.5	0	
134.601	-0.3315	-82.5	0	
134.701	-0.339	-86.5	0	
134.801	-0.3465	-89.5	0	
134.901	-0.345	-91	0	
135.001	-0.372	-98	0	
135.101	-0.384	-104.5	0	
135.201	-0.396	-109.5	0	
135.301	-0.408	-114.5	0	
135.401	-0.4185	-120.5	0	
135.501	-0.4245	-124	0	
135.601	-0.429	-126.5	0	
135.701	-0.4395	-130	0	
135.801	-0.4515	-135.5	0	
135.901	-0.4635	-140.5	0	
136.001	-0.465	-143.5	0	
136.101	-0.465	-144	0	
136.201	-0.465	-145.5	0	
136.301	-0.465	-145.5	0	
136.401	-0.465	-146	0	
136.501	-0.4635	-146.5	0	
136.601	-0.465	-146.5	0	
136.701	-0.465	-146.5	0	
136.801	-0.4635	-146.5	0	
136.901	-0.465	-147	0	
137.001	-0.468	-147	0	
137.101	-0.474	-148.5	0	
137.201	-0.477	-150	0	
137.301	-0.4785	-150.5	0	
137.401	-0.477	-151	0	
137.501	-0.477	-151	0	
137.601	-0.477	-151.5	0	
137.701	-0.4785	-151.5	0	
137.801	-0.477	-151.5	0	
137.901	-0.477	-151.5	0	
138.001	-0.477	-152	0	
138.101	-0.4785	-152	0	
138.201	-0.4785	-152.5	0	
138.301	-0.4785	-152	0	
138.401	-0.4785	-152.5	0	
138.501	-0.48	-152.5	0	
138.601	-0.4785	-152.5	0	
138.701	-0.4815	-153	0	
138.801	-0.489	-154	0	
138.901	-0.4905	-155.5	0	
139.001	-0.4935	-156.5	0	
139.101	-0.4935	-157.5	0	
139.201	-0.498	-158.5	0	
139.301	-0.513	-164.5	0	
139.401	-0.513	-166.5	0	
139.501	-0.516	-167.5	0	
139.601	-0.5175	-168	0	
139.701	-0.519	-169	0	
139.801	-0.5205	-169.5	0	
139.901	-0.5235	-170.5	0	
140.001	-0.537	-174.5	0	
140.101	-0.546	-178.5	0	
140.201	-0.5445	-180	0	
140.301	-0.5445	-180.5	0	
140.401	-0.5445	-180.5	0	
140.501	-0.5445	-181.5	0	
140.601	-0.549	-181.5	0	
140.701	-0.5535	-183	0	
140.801	-0.558	-185.5	0	
140.901	-0.561	-186.5	0	
141.001	-0.5625	-187.5	0	
141.101	-0.564	-188.5	0	
141.201	-0.543	-186.5	0	
141.301	-0.5445	-185.5	0	
141.401	-0.549	-186.5	0	
141.501	-0.57	-189.5	0	
141.601	-0.576	-192	0	
141.701	-0.5775	-194	0	
141.801	-0.582	-195.5	0	
141.901	-0.585	-197	0	
142.001	-0.588	-198.5	0	
142.101	-0.5925	-200	0	
142.201	-0.597	-201.5	0	
142.301	-0.5985	-203	0	
142.401	-0.603	-204.5	0	
142.501	-0.6045	-206.5	0	
142.601	-0.609	-207.5	0	
142.701	-0.615	-209.5	0	
142.801	-0.6225	-212.5	0	
142.901	-0.627	-215	0	
143.001	-0.6315	-217	0	
143.101	-0.636	-219	0	
143.201	-0.6405	-220.5	0	
143.301	-0.645	-222.5	0	
143.401	-0.654	-225.5	0	
143.501	-0.6615	-228	0	
143.601	-0.666	-231	0	
143.701	-0.6705	-233	0	
143.801	-0.675	-235.5	0	
143.901	-0.684	-238.5	0	
144.001	-0.693	-241.5	0	
144.101	-0.699	-244.5	0	
144.201	-0.7035	-247	0	
144.301	-0.711	-249.5	0	
144.401	-0.717	-252.5	0	
144.501	-0.7245	-255.5	0	
144.601	-0.729	-257.5	0	
144.701	-0.732	-259.5	0	
144.801	-0.7335	-261	0	
144.901	-0.7365	-262	0	
145.001	-0.738	-263	0	
145.101	-0.7395	-264	0	
145.201	-0.7425	-265	0	
145.301	-0.744	-266	0	
145.401	-0.7485	-267	0	
145.501	-0.75	-268	0	
145.601	-0.7485	-268.5	0	
145.701	-0.753	-269.5	0	
145.801	-0.7575	-271.5	0	
145.901	-0.762	-272.5	0	
146.001	-0.7635	-274	0	
146.101	-0.768	-275.5	0	
146.201	-0.7725	-276.5	0	
146.301	-0.774	-278	0	
146.401	-0.7785	-279	0	
146.501	-0.78	-280.5	0	
146.601	-0.7815	-282	0	
146.701	-0.7875	-283	0	
146.801	-0.7905	-285	0	
146.901	-0.7965	-286.5	0	
147.001	-0.7965	-287.5	0	
147.101	-0.798	-288.5	0	
147.201	-0.801	-289	0	
147.301	-0.801	-289.5	0	
147.401	-0.801	-289.5	0	
147.501	-0.7995	-290	0	
147.601	-0.804	-290.5	0	
147.701	-0.81	-292	0	
147.801	-0.8115	-294	0	
147.901	-0.816	-295.5	0	
148.001	-0.822	-297.5	0	
148.101	-0.825	-298.5	0	
148.201	-0.8265	-299.5	0	
148.301	-0.8295	-300.5	0	
148.401	-0.831	-301.5	0	
148.501	-0.834	-302.5	0	
148.601	-0.8355	-304	0	
148.701	-0.8385	-304.5	0	
148.801	-0.84	-305.5	0	
148.901	-0.84	-305.5	0	
149.001	-0.84	-306	0	
149.101	-0.843	-306.5	0	
149.201	-0.8415	-306.5	0	
149.301	-0.8415	-306.5	0	
149.401	-0.84	-306.5	0	
149.501	-0.8445	-307.5	0	
149.601	-0.8535	-310	0	
149.701	-0.861	-313	0	
149.801	-0.8655	-315	0	
149.901	-0.873	-317.5	0	
150.001	-0.8805	-320.5	0	
150.101	-0.888	-322.5	0	
150.201	-0.894	-325	0	
150.301	-0.9	-327.5	0	
150.401	-0.9075	-331	0	
150.501	-0.9135	-333.5	0	
150.601	-0.918	-336	0	
150.701	-0.924	-338	0	
150.801	-0.93	-340.5	0	
150.901	-0.939	-343.5	0	
151.001	-0.945	-346.5	0	
151.101	-0.9495	-348.5	0	
151.201	-0.9525	-349.5	0	
151.301	-0.957	-351.5	0	
151.401	-0.96	-353	0	
151.501	-0.9615	-354	0	
151.601	-0.9645	-354.5	0	
151.701	-0.966	-355.5	0	
151.801	-0.9645	-356.5	0	
151.901	-0.969	-357	0	
152.001	-0.9705	-358	0	
152.101	-0.9735	-359	0	
152.201	-0.9795	-360	0	
152.301	-0.9855	-362	0	
152.401	-0.987	-364	0	
152.501	-0.9885	-365	0	
152.601	-0.99	-366	0	
152.701	-0.9915	-366.5	0	
152.801	-0.996	-367.5	0	
152.901	-0.996	-368	0	
153.001	-0.996	-368.5	0	
153.101	-0.9975	-369	0	
153.201	-1.0005	-370	0	
153.301	-1.002	-370.5	0	
153.401	-1.0035	-371.5	0	
153.501	-1.0065	-371.5	0	
153.601	-1.008	-372.5	0	
153.701	-1.014	-374.5	0	
153.801	-1.02	-376	0	
153.901	-1.0245	-378.5	0	
154.001	-1.032	-380	0	
154.101	-1.0365	-382.5	0	
154.201	-1.0425	-385	0	
154.301	-1.044	-386	0	
154.401	-1.05	-387.5	0	
154.501	-1.0515	-389	0	
154.601	-1.0515	-390	0	
154.701	-1.059	-391	0	
154.801	-1.062	-392.5	0	
154.901	-1.0665	-394	0	
155.001	-1.068	-395	0	
155.101	-1.071	-397	0	
155.201	-1.0785	-399	0	
155.301	-1.083	-400.5	0	
155.401	-1.086	-402.5	0	
155.501	-1.0905	-403.5	0	
155.601	-1.0965	-405.5	0	
155.701	-1.1025	-408	0	
155.801	-1.11	-409	0	
155.901	-1.1175	-411.5	0	
156.001	-1.1205	-414	0	
156.101	-1.1235	-416.5	0	
156.201	-1.1265	-418	0	
156.301	-1.128	-418	0	
156.401	-1.1325	-420.5	0	
156.501	-1.137	-419.5	0	
156.601	-1.14	-423.5	0	
156.701	-1.143	-425	0	
156.801	-1.1475	-423	0	
156.901	-1.155	-425	0	
157.001	-1.1625	-431	0	
157.101	-1.1685	-433.5	0	
157.201	-1.1715	-434	0	
157.301	-1.1775	-435	0	
157.401	-1.1835	-439.5	0	
157.501	-1.1895	-440.5	0	
157.601	-1.1925	-443.5	0	
157.701	-1.1955	-442.5	0	
157.801	-1.1985	-442	0	
157.901	-1.197	-441.5	0	
158.001	-1.2045	-447.5	0	
158.101	-1.2135	-447	0	
158.201	-1.2225	-448	0	
158.301	-1.227	-454.5	0	
158.401	-1.2285	-454.5	0	
158.501	-1.233	-454.5	0	
158.601	-1.242	-457.5	0	
158.701	-1.2465	-459	0	
158.801	-1.2555	-463.5	0	
158.901	-1.2585	-467	0	
159.001	-1.263	-469.5	0	
159.101	-1.266	-465	0	
159.201	-1.2705	-467	0	
159.301	-1.275	-467.5	0	
159.401	-1.2795	-472	0	
159.501	-1.284	-470.5	0	
159.601	-1.2855	-472	0	
159.701	-1.29	-479	0	
159.801	-1.29	-473.5	0	
159.901	-1.2915	-476	0	
160.001	-1.2915	-478.5	0	
160.101	-1.293	-481	0	
160.201	-1.2975	-476	0	
160.301	-1.3035	-483	0	
160.401	-1.3065	-484.5	0	
160.501	-1.308	-486.5	0	
160.601	-1.308	-483	0	
160.701	-1.311	-483	0	
160.801	-1.3125	-484	0	
160.901	-1.311	-481.5	0	
161.001	-1.311	-481.5	0	
161.101	-1.314	-486.5	0	
161.201	-1.3245	-484	0	
161.301	-1.329	-488	0	
161.401	-1.332	-488.5	0	
161.501	-1.335	-494.5	0	
161.601	-1.3365	-490.5	0	
161.701	-1.3395	-491	0	
161.801	-1.341	-494	0	
161.901	-1.341	-497	0	
162.001	-1.344	-498	0	
162.101	-1.3455	-499.5	0	
162.201	-1.356	-495.5	0	
162.301	-1.3635	-500.5	0	
162.401	-1.3695	-506.5	0	
162.501	-1.377	-502	0	
162.601	-1.3845	-510	0	
162.701	-1.389	-513	0	
162.801	-1.398	-515.5	0	
162.901	-1.4025	-516	0	
163.001	-1.407	-512	0	
163.101	-1.4115	-518	0	
163.201	-1.413	-517.5	0	
163.301	-1.419	-521	0	
163.401	-1.428	-521	0	
163.501	-1.4355	-521	0	
163.601	-1.4415	-525	0	
163.701	-1.446	-526	0	
163.801	-1.449	-531.5	0	
163.901	-1.4535	-528	0	
164.001	-1.455	-531.5	0	
164.101	-1.458	-534.5	0	
164.201	-1.4625	-531	0	
164.301	-1.4655	-537.5	0	
164.401	-1.4715	-533.5	0	
164.501	-1.4805	-537.5	0	
164.601	-1.482	-539.5	0	
164.701	-1.4865	-546	0	
164.801	-1.4895	-539.5	0	
164.901	-1.494	-540.5	0	
165.001	-1.5	-546.5	0	
165.101	-1.5075	-543.5	0	
165.201	-1.509	-549.5	0	
165.301	-1.509	-549.5	0	
165.401	-1.5135	-547.5	0	
165.501	-1.515	-552	0	
165.601	-1.515	-553.5	0	
165.701	-1.5195	-549.5	0	
165.801	-1.5345	-559	0	
165.901	-1.551	-556.5	0	
166.001	-1.5645	-563	0	
166.101	-1.5825	-566.5	0	
166.201	-1.5945	-578	0	
166.301	-1.605	-582	0	
166.401	-1.6125	-578.5	0	
166.501	-1.6185	-578.5	0	
166.601	-1.6245	-587.5	0	
166.701	-1.626	-586.5	0	
166.801	-1.6305	-586	0	
166.901	-1.632	-585.5	0	
167.001	-1.635	-593.5	0	
167.101	-1.638	-593	0	
167.201	-1.647	-587.5	0	
167.301	-1.659	-597	0	
167.401	-1.665	-595	0	
167.501	-1.671	-595.5	0	
167.601	-1.677	-604.5	0	
167.701	-1.6815	-602.5	0	
167.801	-1.689	-601.5	0	
167.901	-1.7025	-612	0	
168.001	-1.71	-614.5	0	
168.101	-1.722	-610	0	
168.201	-1.734	-613	0	
168.301	-1.7385	-618	0	
168.401	-1.746	-624	0	
168.501	-1.752	-625.5	0	
168.601	-1.758	-629.5	0	
168.701	-1.761	-627	0	
168.801	-1.7655	-629	0	
168.901	-1.77	-629	0	
169.001	-1.7715	-632	0	
169.101	-1.7745	-635	0	
169.201	-1.7775	-634	0	
169.301	-1.7805	-637	0	
169.401	-1.779	-636	0	
169.501	-1.7805	-637	0	
169.601	-1.779	-635	0	
169.701	-1.779	-628.5	0	
169.801	-1.791	-630	0	
169.901	-1.8105	-640.5	0	
170.001	-1.833	-648	0	
170.101	-1.8465	-649.5	0	
170.201	-1.8615	-648.5	0	
170.301	-1.878	-653.5	0	
170.401	-1.8945	-660	0	
170.501	-1.9095	-671	0	
170.601	-1.9185	-665.5	0	
170.701	-1.929	-674	0	
170.801	-1.944	-677	0	
170.901	-1.965	-680.5	0	
171.001	-1.98	-682	0	
171.101	-1.9845	-690.5	0	
171.201	-1.989	-691	0	
171.301	-1.995	-688	0	
171.401	-2.0235	-694.5	0	
171.501	-2.0565	-708	0	
171.601	-2.082	-715	0	
171.701	-2.1	-713.5	0	
171.801	-2.115	-721	0	
171.901	-2.1345	-720.5	0	
172.001	-2.1555	-736	0	
172.101	-2.1675	-739.5	0	
172.201	-2.1735	-741.5	0	
172.301	-2.1765	-737.5	0	
172.401	-2.178	-743	0	
172.501	-2.1855	-742	0	
172.601	-2.2065	-747.5	0	
172.701	-2.235	-754	0	
172.801	-2.2545	-759.5	0	
172.901	-2.271	-759.5	0	
173.001	-2.2845	-761	0	
173.101	-2.304	-770	0	
173.201	-2.331	-774	0	
173.301	-2.352	-776	0	
173.401	-2.3655	-779.5	0	
173.501	-2.382	-780.5	0	
173.601	-2.4	-792.5	0	
173.701	-2.4195	-797.5	0	
173.801	-2.436	-795	0	
173.901	-2.4465	-803.5	0	
174.001	-2.4585	-797	0	
174.101	-2.4675	-809	0	
174.201	-2.478	-804	0	
174.301	-2.4915	-806	0	
174.401	-2.511	-816	0	
174.501	-2.526	-814.5	0	
174.601	-2.5395	-823	0	
174.701	-2.5485	-826.5	0	
174.801	-2.5605	-826.5	0	
174.901	-2.5725	-825	0	
175.001	-2.58	-824	0	
175.101	-2.589	-834	0	
175.201	-2.598	-833	0	
175.301	-2.604	-834	0	
175.401	-2.6085	-829	0	
175.501	-2.6115	-830.5	0	
175.601	-2.613	-830.5	0	
175.701	-2.613	-834.5	0	
175.801	-2.619	-839	0	
175.901	-2.6205	-838	0	
176.001	-2.6205	-841	0	
176.101	-2.6265	-840.5	0	
176.201	-2.6325	-842	0	
176.301	-2.6385	-840	0	
176.401	-2.646	-836	0	
176.501	-2.652	-837	0	
176.601	-2.6565	-839.5	0	
176.701	-2.667	-842	0	
176.801	-2.6805	-848	0	
176.901	-2.688	-850.5	0	
177.001	-2.6925	-848	0	
177.101	-2.697	-845.5	0	
177.201	-2.706	-853.5	0	
177.301	-2.712	-857	0	
177.401	-2.718	-849.5	0	
177.501	-2.724	-860.5	0	
177.601	-2.727	-859	0	
177.701	-2.727	-862	0	
177.801	-2.7315	-859.5	0	
177.901	-2.7345	-852.5	0	
178.001	-2.736	-862.5	0	
178.101	-2.742	-855	0	
178.201	-2.751	-859.5	0	
178.301	-2.7585	-866	0	
178.401	-2.769	-866	0	
178.501	-2.7795	-865.5	0	
178.601	-2.7855	-861.5	0	
178.701	-2.793	-862.5	0	
178.801	-2.8005	-870	0	
178.901	-2.8095	-874.5	0	
179.001	-2.8125	-871	0	
179.101	-2.814	-876.5	0	
179.201	-2.8155	-869.5	0	
179.301	-2.8215	-876.5	0	
179.401	-2.826	-874	0	
179.501	-2.826	-877	0	
179.601	-2.8275	-874	0	
179.701	-2.826	-872	0	
179.801	-2.8275	-879.5	0	
179.901	-2.8305	-875.5	0	
180.001	-2.8455	-878	0	
180.101	-2.856	-875.5	0	
180.201	-2.865	-883	0	
180.301	-2.8725	-876.5	0	
180.401	-2.88	-884	0	
180.501	-2.8875	-878.5	0	
180.601	-2.8965	-883.5	0	
180.701	-2.901	-890.5	0	
180.801	-2.9025	-887.5	0	
180.901	-2.904	-892	0	
181.001	-2.904	-883	0	
181.101	-2.9025	-891.5	0	
181.201	-2.904	-892	0	
181.301	-2.9175	-891	0	
181.401	-2.934	-887.5	0	
181.501	-2.958	-890	0	
181.601	-2.973	-902	0	
181.701	-2.982	-894	0	
181.801	-2.9925	-903	0	
181.901	-3.0015	-903.5	0	
182.001	-3.0045	-896.5	0	
182.101	-3.0045	-906	0	
182.201	-3.0075	-905	0	
182.301	-3.0075	-897.5	0	
182.401	-3.0075	-906	0	
182.501	-3.006	-900	0	
182.601	-3	-899	0	
182.701	-2.9835	-896.5	0	
182.801	-2.9715	-899.5	0	
182.901	-2.967	-899.5	0	
183.001	-2.9685	-894.5	0	
183.101	-2.9685	-894.5	0	
183.201	-2.9655	-903.5	0	
183.301	-2.9655	-899	0	
183.401	-2.967	-903.5	0	
183.501	-2.967	-896	0	
183.601	-2.9685	-900	0	
183.701	-2.967	-896.5	0	
183.801	-2.967	-896.5	0	
183.901	-2.9565	-897.5	0	
184.001	-2.9445	-893.5	0	
184.101	-2.9415	-901	0	
184.201	-2.94	-903	0	
184.301	-2.934	-893.5	0	
184.401	-2.9325	-898.5	0	
184.501	-2.931	-900	0	
184.601	-2.9355	-892.5	0	
184.701	-2.9325	-902	0	
184.801	-2.931	-892.5	0	
184.901	-2.9295	-892.5	0	
185.001	-2.9265	-896.5	0	
185.101	-2.919	-891	0	
185.201	-2.907	-893	0	
185.301	-2.892	-896.5	0	
185.401	-2.886	-892	0	
185.501	-2.8785	-897.5	0	
185.601	-2.868	-887	0	
185.701	-2.8515	-887.5	0	
185.801	-2.838	-885.5	0	
185.901	-2.8245	-890	0	
186.001	-2.8125	-884.5	0	
186.101	-2.799	-880	0	
186.201	-2.793	-880.5	0	
186.301	-2.781	-888.5	0	
186.401	-2.772	-885	0	
186.501	-2.763	-884	0	
186.601	-2.7435	-874.5	0	
186.701	-2.733	-876	0	
186.801	-2.718	-871	0	
186.901	-2.703	-875.5	0	
187.001	-2.6835	-869	0	
187.101	-2.67	-875	0	
187.201	-2.6655	-873.5	0	
187.301	-2.664	-869	0	
187.401	-2.6655	-875	0	
187.501	-2.6625	-865	0	
187.601	-2.652	-871	0	
187.701	-2.6385	-866	0	
187.801	-2.6115	-864.5	0	
187.901	-2.598	-861.5	0	
188.001	-2.58	-855	0	
188.101	-2.559	-855.5	0	
188.201	-2.5425	-849.5	0	
188.301	-2.5305	-858.5	0	
188.401	-2.514	-853	0	
188.501	-2.5005	-848.5	0	
188.601	-2.4855	-852	0	
188.701	-2.478	-840	0	
188.801	-2.46	-846.5	0	
188.901	-2.4495	-840	0	
189.001	-2.439	-838	0	
189.101	-2.4315	-839.5	0	
189.201	-2.43	-832.5	0	
189.301	-2.4285	-836	0	
189.401	-2.427	-839	0	
189.501	-2.427	-832.5	0	
189.601	-2.4225	-836	0	
189.701	-2.418	-835.5	0	
189.801	-2.409	-833	0	
189.901	-2.4015	-828.5	0	
190.001	-2.3985	-834	0	
190.101	-2.3925	-836.5	0	
190.201	-2.391	-826.5	0	
190.301	-2.388	-829	0	
190.401	-2.382	-826	0	
190.501	-2.3775	-830.5	0	
190.601	-2.3745	-828.5	0	
190.701	-2.37	-823.5	0	
190.801	-2.3625	-831.5	0	
190.901	-2.3535	-822.5	0	
191.001	-2.3475	-828.5	0	
191.101	-2.343	-819	0	
191.201	-2.3355	-819	0	
191.301	-2.334	-818	0	
191.401	-2.331	-824	0	
191.501	-2.3295	-826	0	
191.601	-2.3265	-825.5	0	
191.701	-2.3235	-825	0	
191.801	-2.319	-823	0	
191.901	-2.313	-813.5	0	
192.001	-2.304	-816	0	
192.101	-2.301	-818.5	0	
192.201	-2.298	-812.5	0	
192.301	-2.292	-819	0	
192.401	-2.2875	-816.5	0	
192.501	-2.283	-813	0	
192.601	-2.2755	-810.5	0	
192.701	-2.268	-813	0	
192.801	-2.265	-813.5	0	
192.901	-2.2605	-807.5	0	
193.001	-2.2575	-811	0	
193.101	-2.256	-812	0	
193.201	-2.2485	-805.5	0	
193.301	-2.2425	-800.5	0	
193.401	-2.2365	-801	0	
193.501	-2.226	-804.5	0	
193.601	-2.2155	-798.5	0	
193.701	-2.2095	-801	0	
193.801	-2.205	-793	0	
193.901	-2.199	-796	0	
194.001	-2.1945	-801.5	0	
194.101	-2.19	-798.5	0	
194.201	-2.181	-799	0	
194.301	-2.175	-791.5	0	
194.401	-2.1615	-795	0	
194.501	-2.154	-792.5	0	
194.601	-2.1495	-792	0	
194.701	-2.142	-781	0	
194.801	-2.1345	-790	0	
194.901	-2.1315	-788.5	0	
195.001	-2.1345	-778	0	
195.101	-2.1315	-787.5	0	
195.201	-2.1315	-778	0	
195.301	-2.1225	-777.5	0	
195.401	-2.103	-779	0	
195.501	-2.091	-772.5	0	
195.601	-2.0805	-777.5	0	
195.701	-2.064	-773.5	0	
195.801	-2.0565	-763.5	0	
195.901	-2.043	-763	0	
196.001	-2.028	-757.5	0	
196.101	-2.0205	-765.5	0	
196.201	-2.0145	-760	0	
196.301	-2.0085	-755.5	0	
196.401	-2.001	-755.5	0	
196.501	-1.9905	-753	0	
196.601	-1.983	-749.5	0	
196.701	-1.98	-755	0	
196.801	-1.9755	-749.5	0	
196.901	-1.9695	-748.5	0	
197.001	-1.968	-751.5	0	
197.101	-1.968	-752	0	
197.201	-1.9695	-742.5	0	
197.301	-1.9695	-746	0	
197.401	-1.9695	-747.5	0	
197.501	-1.965	-751.5	0	
197.601	-1.9515	-744.5	0	
197.701	-1.9455	-748	0	
197.801	-1.9455	-741	0	
197.901	-1.9425	-742	0	
198.001	-1.9395	-743.5	0	
198.101	-1.9395	-738	0	
198.201	-1.935	-736.5	0	
198.301	-1.9335	-739	0	
198.401	-1.9305	-736.5	0	
198.501	-1.926	-738	0	
198.601	-1.917	-740	0	
198.701	-1.914	-730	0	
198.801	-1.9125	-729.5	0	
198.901	-1.9095	-738.5	0	
199.001	-1.9095	-729.5	0	
199.101	-1.9035	-734	0	
199.201	-1.899	-733	0	
199.301	-1.893	-734	0	
199.401	-1.89	-732.5	0	
199.501	-1.887	-725.5	0	
199.601	-1.884	-730.5	0	
199.701	-1.878	-726.5	0	
199.801	-1.8675	-726	0	
199.901	-1.863	-727	0	
200.001	-1.8615	-719	0	
200.101	-1.86	-723.5	0	
200.201	-1.8585	-719.5	0	
200.301	-1.8585	-716.5	0	
200.401	-1.857	-716	0	
200.501	-1.8585	-722.5	0	
200.601	-1.857	-726	0	
200.701	-1.854	-723.5	0	
200.801	-1.842	-713.5	0	
200.901	-1.8285	-714	0	
201.001	-1.812	-716	0	
201.101	-1.8045	-708.5	0	
201.201	-1.7955	-702	0	
201.301	-1.788	-709.5	0	
201.401	-1.7805	-701	0	
201.501	-1.7745	-696	0	
201.601	-1.7655	-703.5	0	
201.701	-1.7535	-692.5	0	
201.801	-1.746	-693.5	0	
201.901	-1.7415	-694.5	0	
202.001	-1.7325	-688	0	
202.101	-1.7265	-688	0	
202.201	-1.7235	-687	0	
202.301	-1.7235	-691.5	0	
202.401	-1.722	-683	0	
202.501	-1.719	-690.5	0	
202.601	-1.707	-682.5	0	
202.701	-1.689	-677.5	0	
202.801	-1.6755	-681.5	0	
202.901	-1.656	-676.5	0	
203.001	-1.6395	-672	0	
203.101	-1.6275	-658.5	0	
203.201	-1.614	-659	0	
203.301	-1.6035	-655.5	0	
203.401	-1.593	-655.5	0	
203.501	-1.5855	-652.5	0	
203.601	-1.5825	-652.5	0	
203.701	-1.5735	-646	0	
203.801	-1.566	-649	0	
203.901	-1.56	-646.5	0	
204.001	-1.5555	-646.5	0	
204.101	-1.551	-645.5	0	
204.201	-1.545	-644.5	0	
204.301	-1.5405	-637.5	0	
204.401	-1.5345	-633.5	0	
204.501	-1.5285	-634	0	
204.601	-1.5225	-636	0	
204.701	-1.512	-626.5	0	
204.801	-1.506	-627.5	0	
204.901	-1.5015	-627	0	
205.001	-1.5015	-631	0	
205.101	-1.4985	-624	0	
205.201	-1.494	-621	0	
205.301	-1.479	-620.5	0	
205.401	-1.4625	-620.5	0	
205.501	-1.452	-617	0	
205.601	-1.449	-617	0	
205.701	-1.4445	-613.5	0	
205.801	-1.4415	-613.5	0	
205.901	-1.437	-609	0	
206.001	-1.4325	-608.5	0	
206.101	-1.4325	-603	0	
206.201	-1.4265	-601.5	0	
206.301	-1.4205	-602	0	
206.401	-1.41	-605	0	
206.501	-1.4025	-602	0	
206.601	-1.398	-601	0	
206.701	-1.395	-593	0	
206.801	-1.3905	-595.5	0	
206.901	-1.386	-597.5	0	
207.001	-1.389	-598.5	0	
207.101	-1.3875	-594	0	
207.201	-1.389	-597.5	0	
207.301	-1.386	-592.5	0	
207.401	-1.374	-587	0	
207.501	-1.3605	-585	0	
207.601	-1.3485	-589	0	
207.701	-1.3365	-585.5	0	
207.801	-1.3275	-574	0	
207.901	-1.32	-576.5	0	
208.001	-1.311	-569	0	
208.101	-1.3035	-574.5	0	
208.201	-1.3005	-564.5	0	
208.301	-1.2975	-570.5	0	
208.401	-1.2975	-571.5	0	
208.501	-1.296	-570.5	0	
208.601	-1.2915	-562	0	
208.701	-1.2855	-566.5	0	
208.801	-1.278	-566	0	
208.901	-1.275	-558	0	
209.001	-1.269	-559.5	0	
209.101	-1.2615	-555	0	
209.201	-1.2585	-559.5	0	
209.301	-1.254	-559	0	
209.401	-1.251	-557	0	
209.501	-1.245	-549	0	
209.601	-1.239	-546.5	0	
209.701	-1.236	-551.5	0	
209.801	-1.2315	-543.5	0	
209.901	-1.2285	-544	0	
210.001	-1.227	-550.5	0	
210.101	-1.2255	-543.5	0	
210.201	-1.2225	-541.5	0	
210.301	-1.218	-545	0	
210.401	-1.212	-539	0	
210.501	-1.2105	-542	0	
210.601	-1.2045	-539.5	0	
210.701	-1.2	-542	0	
210.801	-1.1955	-535	0	
210.901	-1.194	-536.5	0	
211.001	-1.191	-531.5	0	
211.101	-1.191	-531.5	0	
211.201	-1.191	-537.5	0	
211.301	-1.1895	-534	0	
211.401	-1.188	-538	0	
211.501	-1.179	-536.5	0	
211.601	-1.1685	-527	0	
211.701	-1.1595	-524	0	
211.801	-1.149	-519.5	0	
211.901	-1.143	-521.5	0	
212.001	-1.1355	-522.5	0	
212.101	-1.1235	-517	0	
212.201	-1.116	-508.5	0	
212.301	-1.1085	-511	0	
212.401	-1.1025	-508	0	
212.501	-1.092	-506	0	
212.601	-1.0815	-504.5	0	
212.701	-1.071	-498	0	
212.801	-1.056	-492	0	
212.901	-1.047	-493.5	0	
213.001	-1.0365	-491	0	
213.101	-1.0245	-486	0	
213.201	-1.0125	-476.5	0	
213.301	-1.0035	-480	0	
213.401	-0.999	-474.5	0	
213.501	-0.9975	-471	0	
213.601	-0.996	-470	0	
213.701	-0.9915	-474	0	
213.801	-0.9735	-463.5	0	
213.901	-0.954	-462	0	
214.001	-0.939	-458.5	0	
214.101	-0.9255	-453.5	0	
214.201	-0.9105	-446.5	0	
214.301	-0.8955	-443	0	
214.401	-0.876	-435	0	
214.501	-0.861	-430.5	0	
214.601	-0.843	-423	0	
214.701	-0.825	-419	0	
214.801	-0.8055	-411.5	0	
214.901	-0.792	-405.5	0	
215.001	-0.7815	-400.5	0	
215.101	-0.774	-397.5	0	
215.201	-0.7695	-396	0	
215.301	-0.768	-394.5	0	
215.401	-0.7605	-393	0	
215.501	-0.7485	-388.5	0	
215.601	-0.729	-383.5	0	
215.701	-0.714	-376	0	
215.801	-0.6975	-371	0	
215.901	-0.6825	-366	0	
216.001	-0.672	-360.5	0	
216.101	-0.657	-355.5	0	
216.201	-0.636	-348.5	0	
216.301	-0.6195	-341.5	0	
216.401	-0.6075	-336.5	0	
216.501	-0.6015	-333.5	0	
216.601	-0.5985	-331	0	
216.701	-0.5925	-329.5	0	
216.801	-0.588	-327.5	0	
216.901	-0.576	-323	0	
217.001	-0.5535	-315	0	
217.101	-0.5295	-305.5	0	
217.201	-0.5025	-295.5	0	
217.301	-0.477	-284.5	0	
217.401	-0.4485	-272.5	0	
217.501	-0.4185	-260	0	
217.601	-0.3915	-248.5	0	
217.701	-0.375	-239.5	0	
217.801	-0.36	-233	0	
217.901	-0.345	-225.5	0	
218.001	-0.3315	-219	0	
218.101	-0.318	-212.5	0	
218.201	-0.3075	-207.5	0	
218.301	-0.3	-203.5	0	
218.401	-0.2955	-201	0	
218.501	-0.294	-199	0	
218.601	-0.2895	-197.5	0	
218.701	-0.2895	-196	0	
218.801	-0.288	-195.5	0	
218.901	-0.2865	-194.5	0	
219.001	-0.285	-194	0	
219.101	-0.276	-191.5	0	
219.201	-0.264	-186.5	0	
219.301	-0.252	-181.5	0	
219.401	-0.2445	-177.5	0	
219.501	-0.234	-173	0	
219.601	-0.2175	-166.5	0	
219.701	-0.2055	-160	0	
219.801	-0.1935	-155	0	
219.901	-0.183	-149.5	0	
220.001	-0.171	-144	0	
220.101	-0.1575	-138.5	0	
220.201	-0.1485	-133	0	
220.301	-0.135	-127.5	0	
220.401	-0.1245	-122.5	0	
220.501	-0.1155	-118	0	
220.601	-0.1095	-114.5	0	
220.701	-0.1065	-112	0	
220.801	-0.1035	-110	0	
220.901	-0.102	-108.5	0	
221.001	-0.099	-107	0	
221.101	-0.0915	-105	0	
221.201	-0.0825	-101	0	
221.301	-0.075	-97.5	0	
221.401	-0.0675	-94.5	0	
221.501	-0.0615	-91	0	
221.601	-0.0525	-88	0	
221.701	-0.051	-85.5	0	
221.801	-0.0435	-83	0	
221.901	-0.036	-80	0	
222.001	-0.033	-77	0	
222.101	-0.0255	-74.5	0	
222.201	-0.0195	-71.5	0	
222.301	-0.012	-68	0	
222.401	-0.009	-66	0	
222.501	-0.0075	-65	0	
222.601	-0.0045	-63.5	0	
222.701	-0.0045	-63	0	
222.801	-0.0045	-62	0	
222.901	-0.003	-61.5	0	
223.001	-0.0015	-61	0	
223.101	0	-61	0	
223.201	-0.0015	-60.5	0	
223.301	-0.003	-61	0	
223.401	0	-60.5	0	
223.501	-0.0015	-60.5	0	
223.601	0	-60.5	0	
223.701	-0.003	-60.5	0	
223.801	-0.0015	-60	0	
223.901	0	-60.5	0	
224.001	0	-60	0	
224.101	0	-60.5	0	
224.201	0	-60	0	
224.301	0	-60	0	
224.401	0	-60	0	
224.501	-0.0015	-60	0	
224.601	-0.0015	-60	0	
224.701	-0.0015	-60	0	
224.801	-0.0015	-60	0	
224.901	-0.003	-59.5	0	
225.001	0	-60	0	
225.101	0.0015	-60	0	
225.201	0	-60	0	
225.301	0	-60	0	
225.401	0.0015	-59.5	0	
225.501	-0.0015	-60	0	
225.601	0	-60	0	
225.701	-0.0015	-60	0	
225.801	0.0015	-60	0	
225.901	0	-60	0	
226.001	0	-60	0	
226.101	0	-60	0	
226.201	0	-60	0	
226.301	0	-60	0	
226.401	0.0015	-59.5	0	
226.501	0.0015	-60	0	
226.601	0	-59.5	0	
226.701	0	-60	0	
226.801	0	-60	0	
226.901	0	-60	0	
227.001	0	-60	0	
227.101	-0.0015	-59.5	0	
227.201	0	-59.5	0	
227.301	0	-59.5	0	
227.401	0	-60	0	
227.501	0	-60	0	
227.601	0	-59.5	0	
227.701	0.0015	-60	0	
227.801	0	-59.5	0	
227.901	0	-60	0	
228.001	0	-59.5	0	
228.101	0.0015	-59.5	0	
228.201	-0.0015	-59.5	0	
228.301	0	-59.5	0	
228.401	0	-60	0	
228.501	0	-60	0	
228.601	0.0015	-59.5	0	
228.701	0	-60	0	
228.801	0	-60	0	
228.901	0.0015	-59.5	0	
229.001	0	-59.5	0	
229.101	0.0015	-60	0	
229.201	-0.0015	-59.5	0	
229.301	-0.0015	-60	0	
229.401	0	-59.5	0	
229.501	0	-59.5	0	
229.601	0.003	-60	0	
229.701	-0.0015	-60	0	
229.801	0	-60	0	
229.901	-0.0015	-59.5	0	
230.001	0	-59.5	0	
230.101	0	-60	0	
230.201	0	-59.5	0	
230.301	0.0015	-59.5	0	
230.401	0	-59.5	0	
230.501	0.0015	-60	0	
230.601	-0.0015	-59.5	0	
230.701	0.0015	-59.5	0	
230.801	0.0015	-59.5	0	
230.901	0	-59.5	0	
231.001	0	-59.5	0	
231.101	0.0015	-59.5	0	
231.201	0.0015	-59.5	0	
231.301	0.0015	-60	0	
231.401	0.0015	-59.5	0	
231.501	0.0015	-59.5	0	
231.601	-0.0015	-60	0	
231.701	0	-59.5	0	
231.801	0.0015	-60	0	
231.901	0.0015	-59.5	0	
232.001	0	-59.5	0	
232.101	0.0015	-59.5	0	
232.201	0	-59.5	0	
232.301	0.0015	-59.5	0	
232.401	-0.0015	-60	0	
232.501	0	-59.5	0	
232.601	0	-59.5	0	
232.701	0	-59.5	0	
232.801	0	-60	0	
232.901	0	-59.5	0	
233.001	0.0135	-57	0	
233.101	0.033	-49.5	0	
233.201	0.0435	-43.5	0	
233.301	0.06	-36.5	0	
233.401	0.069	-31.5	0	
233.501	0.0855	-25	0	
233.601	0.1095	-15	0	
233.701	0.1095	-12	0	
233.801	0.1065	-10.5	0	
233.901	0.1065	-9.5	0	
234.001	0.111	-9	0	
234.101	0.1155	-7	0	
234.201	0.1185	-6	0	
234.301	0.1215	-5	0	
234.401	0.135	-1	0	
234.501	0.15	4.5	0	
234.601	0.177	15.5	0	
234.701	0.189	22.5	0	
234.801	0.2085	30.5	0	
234.901	0.2265	39.5	0	
235.001	0.228	43	0	
235.101	0.2475	48.5	0	
235.201	0.2625	54.5	0	
235.301	0.267	59.5	0	
235.401	0.2745	62.5	0	
235.501	0.2805	66	0	
235.601	0.285	68.5	0	
235.701	0.291	71.5	0	
235.801	0.2955	74	0	
235.901	0.3015	76	0	
236.001	0.3075	79.5	0	
236.101	0.3105	81.5	0	
236.201	0.3105	82.5	0	
236.301	0.3225	86	0	
236.401	0.324	87.5	0	
236.501	0.324	88.5	0	
236.601	0.3225	89	0	
236.701	0.3225	89.5	0	
236.801	0.33	90.5	0	
236.901	0.3405	94.5	0	
237.001	0.3435	97	0	
237.101	0.345	97.5	0	
237.201	0.357	101.5	0	
237.301	0.3645	105.5	0	
237.401	0.369	107.5	0	
237.501	0.378	111.5	0	
237.601	0.3855	114.5	0	
237.701	0.393	117.5	0	
237.801	0.4005	121	0	
237.901	0.4065	124	0	
238.001	0.411	126.5	0	
238.101	0.4155	128.5	0	
238.201	0.4215	131	0	
238.301	0.426	133.5	0	
238.401	0.432	136	0	
238.501	0.4365	138	0	
238.601	0.441	140	0	
238.701	0.4425	141.5	0	
238.801	0.447	143	0	
238.901	0.45	144.5	0	
239.001	0.4515	145	0	
239.101	0.45	146	0	
239.201	0.4515	146.5	0	
239.301	0.4545	147.5	0	
239.401	0.4575	148.5	0	
239.501	0.4605	150	0	
239.601	0.4635	151	0	
239.701	0.4665	152.5	0	
239.801	0.471	154	0	
239.901	0.474	156	0	
240.001	0.4785	157	0	
240.101	0.4815	159	0	
240.201	0.4845	160.5	0	
240.301	0.489	162	0	
240.401	0.4905	163.5	0	
240.501	0.4965	164.5	0	
240.601	0.4965	166	0	
240.701	0.4965	166.5	0	
240.801	0.498	167	0	
240.901	0.501	168.5	0	
241.001	0.5115	171.5	0	
241.101	0.5175	174	0	
241.201	0.522	176	0	
241.301	0.525	178	0	
241.401	0.534	180.5	0	
241.501	0.537	183	0	
241.601	0.5475	186.5	0	
241.701	0.5595	190.5	0	
241.801	0.57	195.5	0	
241.901	0.5835	200.5	0	
242.001	0.5925	205.5	0	
242.101	0.6	209.5	0	
242.201	0.609	213	0	
242.301	0.615	216.5	0	
242.401	0.6285	221	0	
242.501	0.6435	226	0	
242.601	0.648	230	0	
242.701	0.6525	233	0	
242.801	0.6555	235	0	
242.901	0.6585	236.5	0	
243.001	0.6615	237.5	0	
243.101	0.666	239	0	
243.201	0.675	242	0	
243.301	0.6825	245	0	
243.401	0.69	248.5	0	
243.501	0.7065	253.5	0	
243.601	0.723	259.5	0	
243.701	0.735	264.5	0	
243.801	0.7425	270	0	
243.901	0.7545	274	0	
244.001	0.762	278	0	
244.101	0.768	281	0	
244.201	0.774	283.5	0	
244.301	0.7755	286	0	
244.401	0.783	287.5	0	
244.501	0.786	289.5	0	
244.601	0.7875	291	0	
244.701	0.795	293.5	0	
244.801	0.8025	296	0	
244.901	0.8055	297.5	0	
245.001	0.8085	299.5	0	
245.101	0.8115	301	0	
245.201	0.8145	302	0	
245.301	0.8145	303	0	
245.401	0.819	304	0	
245.501	0.8205	304.5	0	
245.601	0.8265	306.5	0	
245.701	0.831	308.5	0	
245.801	0.8385	311	0	
245.901	0.8535	315	0	
246.001	0.861	319.5	0	
246.101	0.876	324.5	0	
246.201	0.8895	329.5	0	
246.301	0.897	334	0	
246.401	0.9075	337.5	0	
246.501	0.915	341	0	
246.601	0.924	344.5	0	
246.701	0.9255	347	0	
246.801	0.93	349	0	
246.901	0.933	350.5	0	
247.001	0.9375	351.5	0	
247.101	0.945	354.5	0	
247.201	0.9555	358	0	
247.301	0.9615	360.5	0	
247.401	0.966	363	0	
247.501	0.969	364.5	0	
247.601	0.9735	366	0	
247.701	0.978	368	0	
247.801	0.984	370	0	
247.901	0.9885	371.5	0	
248.001	0.9915	373	0	
248.101	0.9945	374.5	0	
248.201	1.002	376.5	0	
248.301	1.008	379	0	
248.401	1.0155	382	0	
248.501	1.0215	384.5	0	
248.601	1.026	386.5	0	
248.701	1.035	389	0	
248.801	1.0425	392	0	
248.901	1.0485	394.5	0	
249.001	1.053	396.5	0	
249.101	1.056	398	0	
249.201	1.0605	399.5	0	
249.301	1.062	400.5	0	
249.401	1.0665	402.5	0	
249.501	1.074	404.5	0	
249.601	1.0785	406.5	0	
249.701	1.086	409	0	
249.801	1.092	411	0	
249.901	1.0935	412.5	0	
250.001	1.0965	414	0	
250.101	1.098	415	0	
250.201	1.0995	415.5	0	
250.301	1.1025	416.5	0	
250.401	1.1085	418	0	
250.501	1.113	419.5	0	
250.601	1.122	422	0	
250.701	1.1235	424	0	
250.801	1.1265	425.5	0	
250.901	1.1295	426.5	0	
251.001	1.134	427	0	
251.101	1.137	428.5	0	
251.201	1.14	430	0	
251.301	1.1445	432	0	
251.401	1.152	434	0	
251.501	1.161	436.5	0	
251.601	1.164	438.5	0	
251.701	1.1685	440.5	0	
251.801	1.173	441.5	0	
251.901	1.1745	442.5	0	
252.001	1.173	443	0	
252.101	1.1745	443.5	0	
252.201	1.179	445	0	
252.301	1.1835	446.5	0	
252.401	1.1895	448	0	
252.501	1.203	451	0	
252.601	1.2165	455.5	0	
252.701	1.227	459.5	0	
252.801	1.233	462.5	0	
252.901	1.242	465	0	
253.001	1.2465	467.5	0	
253.101	1.254	470.5	0	
253.201	1.2615	473	0	
253.301	1.272	476	0	
253.401	1.278	479	0	
253.501	1.287	481.5	0	
253.601	1.2945	484.5	0	
253.701	1.305	487.5	0	
253.801	1.32	492	0	
253.901	1.332	496.5	0	
254.001	1.3395	500	0	
254.101	1.347	502.5	0	
254.201	1.3515	504.5	0	
254.301	1.3575	506.5	0	
254.401	1.362	508	0	
254.501	1.368	510.5	0	
254.601	1.3755	512.5	0	
254.701	1.3785	514	0	
254.801	1.3815	515.5	0	
254.901	1.383	516.5	0	
255.001	1.386	517.5	0	
255.101	1.386	517.5	0	
255.201	1.389	518.5	0	
255.301	1.392	519.5	0	
255.401	1.401	521.5	0	
255.501	1.407	523.5	0	
255.601	1.413	525.5	0	
255.701	1.4235	527.5	0	
255.801	1.4295	530	0	
255.901	1.4385	533	0	
256.001	1.449	536	0	
256.101	1.4565	539	0	
256.201	1.464	541	0	
256.301	1.4655	543	0	
256.401	1.4715	545	0	
256.501	1.479	547	0	
256.601	1.485	549	0	
256.701	1.4925	551	0	
256.801	1.5	553.5	0	
256.901	1.506	555.5	0	
257.001	1.515	557.5	0	
257.101	1.5165	559.5	0	
257.201	1.518	560	0	
257.301	1.518	561	0	
257.401	1.5225	562	0	
257.501	1.536	565	0	
257.601	1.5555	569.5	0	
257.701	1.5675	573.5	0	
257.801	1.575	576.5	0	
257.901	1.581	579	0	
258.001	1.5885	581	0	
258.101	1.593	583	0	
258.201	1.599	585	0	
258.301	1.6065	587	0	
258.401	1.6125	589	0	
258.501	1.6185	591	0	
258.601	1.6215	592	0	
258.701	1.6245	593.5	0	
258.801	1.629	594.5	0	
258.901	1.6305	595.5	0	
259.001	1.6365	597	0	
259.101	1.6425	598.5	0	
259.201	1.6455	600	0	
259.301	1.647	600.5	0	
259.401	1.65	601.5	0	
259.501	1.6515	602	0	
259.601	1.65	602	0	
259.701	1.6545	602.5	0	
259.801	1.6515	602.5	0	
259.901	1.6545	603	0	
260.001	1.6605	604.5	0	
260.101	1.6635	605	0	
260.201	1.6665	606	0	
260.301	1.6665	606.5	0	
260.401	1.6695	607.5	0	
260.501	1.6695	607.5	0	
260.601	1.6725	608.5	0	
260.701	1.6725	608.5	0	
260.801	1.6755	609	0	
260.901	1.677	610	0	
261.001	1.6815	610.5	0	
261.101	1.683	611.5	0	
261.201	1.683	612	0	
261.301	1.6845	612	0	
261.401	1.6845	612.5	0	
261.501	1.686	612.5	0	
261.601	1.686	612.5	0	
261.701	1.6875	612.5	0	
261.801	1.698	614.5	0	
261.901	1.7145	618.5	0	
262.001	1.725	622	0	
262.101	1.7355	625	0	
262.201	1.7445	628	0	
262.301	1.755	631	0	
262.401	1.764	633.5	0	
262.501	1.7745	636.5	0	
262.601	1.782	639	0	
262.701	1.791	641.5	0	
262.801	1.797	643.5	0	
262.901	1.8015	645.5	0	
263.001	1.8135	648	0	
263.101	1.824	651	0	
263.201	1.83	653.5	0	
263.301	1.839	655.5	0	
263.401	1.8435	657	0	
263.501	1.848	658.5	0	
263.601	1.8555	660.5	0	
263.701	1.86	662	0	
263.801	1.869	664.5	0	
263.901	1.8795	666.5	0	
264.001	1.8825	668.5	0	
264.101	1.887	669.5	0	
264.201	1.8885	670.5	0	
264.301	1.8885	670.5	0	
264.401	1.8885	671	0	
264.501	1.8885	671	0	
264.601	1.8945	672	0	
264.701	1.899	672.5	0	
264.801	1.899	673.5	0	
264.901	1.9005	674	0	
265.001	1.9065	675	0	
265.101	1.9095	676	0	
265.201	1.9125	677	0	
265.301	1.9215	678.5	0	
265.401	1.9305	681	0	
265.501	1.935	682.5	0	
265.601	1.9365	683.5	0	
265.701	1.941	685	0	
265.801	1.95	686.5	0	
265.901	1.9545	688.5	0	
266.001	1.9575	689	0	
266.101	1.9635	690.5	0	
266.201	1.9665	692	0	
266.301	1.974	693.5	0	
266.401	1.986	695.5	0	
266.501	1.992	697.5	0	
266.601	1.9965	699	0	
266.701	1.9965	700.5	0	
266.801	2.001	701	0	
266.901	2.004	702	0	
267.001	2.0085	702.5	0	
267.101	2.01	703.5	0	
267.201	2.016	704.5	0	
267.301	2.019	705.5	0	
267.401	2.0205	706	0	
267.501	2.022	706.5	0	
267.601	2.025	707.5	0	
267.701	2.028	707.5	0	
267.801	2.028	708	0	
267.901	2.0295	708.5	0	
268.001	2.031	709	0	
268.101	2.034	710	0	
268.201	2.034	710.5	0	
268.301	2.037	710	0	
268.401	2.0355	710.5	0	
268.501	2.037	711	0	
268.601	2.0385	711	0	
268.701	2.0385	711	0	
268.801	2.04	711.5	0	
268.901	2.0445	712	0	
269.001	2.0475	713	0	
269.101	2.055	714	0	
269.201	2.0655	716.5	0	
269.301	2.073	718.5	0	
269.401	2.079	720.5	0	
269.501	2.085	722	0	
269.601	2.0895	724	0	
269.701	2.091	724.5	0	
269.801	2.0955	725	0	
269.901	2.094	725.5	0	
270.001	2.0955	726	0	
270.101	2.097	726	0	
270.201	2.0955	726	0	
270.301	2.0985	726	0	
270.401	2.106	727.5	0	
270.501	2.109	728	0	
270.601	2.1075	729	0	
270.701	2.109	729	0	
270.801	2.1105	729.5	0	
270.901	2.1105	729.5	0	
271.001	2.115	730.5	0	
271.101	2.127	732	0	
271.201	2.133	734	0	
271.301	2.142	736.5	0	
271.401	2.148	738	0	
271.501	2.151	739.5	0	
271.601	2.1555	740	0	
271.701	2.157	740.5	0	
271.801	2.1615	741.5	0	
271.901	2.166	742.5	0	
272.001	2.1735	744	0	
272.101	2.178	745.5	0	
272.201	2.1825	746.5	0	
272.301	2.187	747.5	0	
272.401	2.193	749	0	
272.501	2.2005	751	0	
272.601	2.2065	752.5	0	
272.701	2.2095	753.5	0	
272.801	2.2125	754	0	
272.901	2.214	754.5	0	
273.001	2.214	754.5	0	
273.101	2.214	755	0	
273.201	2.2245	756	0	
273.301	2.2395	759	0	
273.401	2.2515	762	0	
273.501	2.256	764.5	0	
273.601	2.265	766	0	
273.701	2.2695	767.5	0	
273.801	2.277	769	0	
273.901	2.28	770	0	
274.001	2.28	770.5	0	
274.101	2.2815	771	0	
274.201	2.289	772	0	
274.301	2.3055	775	0	
274.401	2.3235	778.5	0	
274.501	2.334	781.5	0	
274.601	2.355	785.5	0	
274.701	2.3835	791.5	0	
274.801	2.4015	796	0	
274.901	2.4135	799	0	
275.001	2.4225	801.5	0	
275.101	2.421	802	0	
275.201	2.4225	802.5	0	
275.301	2.424	802.5	0	
275.401	2.427	803.5	0	
275.501	2.445	806	0	
275.601	2.46	809	0	
275.701	2.4825	813	0	
275.801	2.508	818	0	
275.901	2.529	822.5	0	
276.001	2.547	826.5	0	
276.101	2.5635	830	0	
276.201	2.5755	833	0	
276.301	2.592	836	0	
276.401	2.6055	839	0	
276.501	2.61	840.5	0	
276.601	2.613	841.5	0	
276.701	2.613	841.5	0	
276.801	2.6175	842	0	
276.901	2.6295	844	0	
277.001	2.6445	846.5	0	
277.101	2.6535	848.5	0	
277.201	2.661	850	0	
277.301	2.667	851.5	0	
277.401	2.685	854	0	
277.501	2.6985	856.5	0	
277.601	2.7015	858	0	
277.701	2.703	858.5	0	
277.801	2.7045	859	0	
277.901	2.7075	859	0	
278.001	2.7075	859.5	0	
278.101	2.712	860	0	
278.201	2.715	860.5	0	
278.301	2.718	861	0	
278.401	2.724	862	0	
278.501	2.733	863.5	0	
278.601	2.7375	864	0	
278.701	2.742	865	0	
278.801	2.7495	866	0	
278.901	2.757	867.5	0	
279.001	2.7585	868.5	0	
279.101	2.7615	869	0	
279.201	2.7675	869.5	0	
279.301	2.775	871	0	
279.401	2.784	872.5	0	
279.501	2.79	873.5	0	
279.601	2.796	874.5	0	
279.701	2.799	875.5	0	
279.801	2.805	876	0	
279.901	2.808	876.5	0	
280.001	2.814	878	0	
280.101	2.8305	880	0	
280.201	2.838	881.5	0	
280.301	2.847	883	0	
280.401	2.8545	884	0	
280.501	2.8605	885.5	0	
280.601	2.871	887	0	
280.701	2.8785	888.5	0	
280.801	2.886	889	0	
280.901	2.8875	890	0	
281.001	2.895	891	0	
281.101	2.8995	892	0	
281.201	2.904	892.5	0	
281.301	2.916	894	0	
281.401	2.9235	895	0	
281.501	2.928	896	0	
281.601	2.9295	896.5	0	
281.701	2.9295	897	0	
281.801	2.934	897.5	0	
281.901	2.9385	897.5	0	
282.001	2.9415	898.5	0	
282.101	2.943	898.5	0	
282.201	2.949	899.5	0	
282.301	2.9535	900	0	
282.401	2.958	901	0	
282.501	2.961	901.5	0	
282.601	2.964	902	0	
282.701	2.9655	902	0	
282.801	2.964	902	0	
282.901	2.9655	902	0	
283.001	2.9655	902	0	
283.101	2.9655	902	0	
283.201	2.964	902.5	0	
283.301	2.964	902.5	0	
283.401	2.967	902.5	0	
283.501	2.973	903	0	
283.601	2.973	903.5	0	
283.701	2.9715	903.5	0	
283.801	2.973	903.5	0	
283.901	2.976	904	0	
284.001	2.976	904	0	
284.101	2.9805	904.5	0	
284.201	2.9835	904.5	0	
284.301	2.9835	905	0	
284.401	2.982	905	0	
284.501	2.9835	905	0	
284.601	2.9835	905.5	0	
284.701	2.9835	905	0	
284.801	2.9835	905.5	0	
284.901	2.9835	905	0	
285.001	2.982	905	0	
285.101	2.9805	905	0	
285.201	2.979	905	0	
285.301	2.9805	904.5	0	
285.401	2.979	905	0	
285.501	2.976	904.5	0	
285.601	2.979	905	0	
285.701	2.979	905	0	
285.801	2.9775	905	0	
285.901	2.9775	904.5	0	
286.001	2.979	905	0	
286.101	2.9775	905	0	
286.201	2.9775	905	0	
286.301	2.976	905	0	
286.401	2.979	905	0	
286.501	2.979	905	0	
286.601	2.9775	905	0	
286.701	2.979	904.5	0	
286.801	2.979	905	0	
286.901	2.9775	905	0	
287.001	2.9775	904.5	0	
287.101	2.979	905	0	
287.201	2.979	905	0	
287.301	2.979	905	0	
287.401	2.9775	905	0	
287.501	2.979	905	0	
287.601	2.979	905	0	
287.701	2.9775	904.5	0	
287.801	2.976	904.5	0	
287.901	2.979	905	0	
288.001	2.979	904.5	0	
288.101	2.9775	904.5	0	
288.201	2.976	905	0	
288.301	2.9775	905	0	
288.401	2.9775	904.5	0	
288.501	2.979	904.5	0	
288.601	2.979	904.5	0	
288.701	2.979	905	0	
288.801	2.979	905	0	
288.901	2.9775	904.5	0	
289.001	2.9805	905	0	
289.101	2.9775	904.5	0	
289.201	2.9775	905	0	
289.301	2.979	905	0	
289.401	2.9775	905	0	
289.501	2.9775	904.5	0	
289.601	2.976	905	0	
289.701	2.979	905	0	
289.801	2.979	905	0	
289.901	2.979	905	0	
290.001	2.976	905	0	
290.101	2.979	904.5	0	
290.201	2.979	905	0	
290.301	2.9775	904.5	0	
290.401	2.979	904.5	0	
290.501	2.9775	904.5	0	
290.601	2.976	905	0	
290.701	2.976	904.5	0	
290.801	2.976	904.5	0	
290.901	2.979	904.5	0	
291.001	2.9775	905	0	
291.101	2.9775	904.5	0	
291.201	2.9775	904.5	0	
291.301	2.979	905	0	
291.401	2.9775	905	0	
291.501	2.976	905	0	
291.601	2.976	904.5	0	
291.701	2.979	905	0	
291.801	2.979	904.5	0	
291.901	2.9775	904.5	0	
292.001	2.976	904.5	0	
292.101	2.9775	905	0	
292.201	2.9775	904.5	0	
292.301	2.9775	904.5	0	
292.401	2.9775	905	0	
292.501	2.9775	904.5	0	
292.601	2.976	904.5	0	
292.701	2.9775	904.5	0	
292.801	2.9775	905	0	
292.901	2.9775	904.5	0	
293.001	2.979	905	0	
293.101	2.9775	905	0	
293.201	2.976	905	0	
